759
551
1140
502
862
1055
646
279
248
321
1143
1267
963
531
537
762
1179
1250
454
351
94
1371
1244
805
558
902
1006
833
990
296
1207
1139
724
123
533
1359
877
624
912
311
985
1327
433
251
57
1235
772
101
114
920
393
1314
885
1160
1221
1220
1392
472
416
752
751
667
258
383
323
869
1352
730
412
340
245
952
362
1131
254
740
238
375
146
727
696
219
1166
1180
1043
63
1042
709
437
1295
371
1126
824
1288
863
102
895
287
3
74
1394
705
137
380
1282
1364
1033
835
395
152
576
208
864
1041
1233
620
485
1215
518
222
594
1044
404
699
707
986
341
761
1247
515
614
732
996
1228
24
331
1377
891
357
353
1310
71
25
754
651
392
127
694
1219
1092
1054
332
546
820
1164
35
241
446
1305
1265
854
969
981
51
271
1079
953
849
988
936
1260
1051
818
149
1206
260
1086
453
611
810
717
280
33
1019
722
1090
1075
1204
607
407
1112
852
1294
174
1264
378
1231
776
231
471
733
91
1279
880
349
642
343
1146
1399
1274
738
665
19
1195
391
336
639
600
259
318
540
556
791
199
1018
1272
819
1262
1211
40
750
460
157
1209
1379
135
10
106
876
1248
1047
1118
282
956
313
459
4
1061
812
671
723
1185
458
605
927
861
1395
408
1031
875
156
522
683
888
1150
553
335
263
400
420
931
38
76
1005
806
495
1169
45
928
741
1007
1355
1312
23
124
120
312
506
179
993
470
569
84
347
65
627
631
72
1028
452
998
951
1258
451
302
593
493
623
112
1350
1319
659
989
872
973
444
790
1375
147
82
197
650
1053
98
22
917
513
597
1184
567
1311
1197
50
1198
1154
284
1172
1003
972
811
240
1336
96
1391
413
188
403
637
285
109
39
561
125
783
647
1381
286
88
173
1142
122
1384
186
278
817
190
1222
143
901
771
257
37
745
596
1353
693
181
905
882
851
562
719
142
815
1284
679
468
992
104
830
586
276
9
290
409
1398
886
268
322
1023
1009
1360
1025
1111
521
1361
560
900
1129
1183
609
36
116
911
808
978
1245
134
32
1099
747
578
640
162
1116
937
508
221
669
532
266
934
703
728
118
903
1212
1119
858
539
545
1385
220
610
1255
908
604
355
725
490
194
34
804
828
608
424
505
473
225
574
890
1036
1141
591
534
662
1068
1122
1372
584
1214
342
1351
170
1004
330
338
18
979
674
542
476
711
42
435
202
115
1101
87
275
17
486
1285
780
1271
643
1130
1037
463
708
1168
113
866
1125
746
78
100
1015
894
1302
1077
760
1108
429
364
214
328
315
850
1057
549
487
547
291
304
655
401
649
1117
821
1062
1066
1167
1157
1303
183
7
636
1287
320
211
773
565
827
1296
1093
89
130
1070
581
1326
673
690
237
664
176
792
373
668
431
1323
1263
489
955
766
500
316
267
333
253
418
552
1026
1334
959
1325
484
151
1236
910
1229
842
423
512
1237
898
530
1170
1369
666
1366
1298
457
670
145
161
731
1149
538
1145
479
1102
1348
997
252
867
426
1100
948
1386
428
246
1190
488
155
269
59
1275
1120
995
1171
465
677
874
21
384
914
1322
744
1226
758
848
641
1193
1008
110
397
1388
1110
1123
572
983
943
1368
716
1356
1210
1136
932
720
1201
158
689
793
247
1243
601
478
960
788
334
261
456
1240
1283
1144
926
215
587
1000
434
672
1114
1083
559
879
589
919
1178
300
701
499
743
514
480
1202
232
44
721
427
525
831
359
527
46
154
1238
517
445
303
675
1268
564
1317
387
129
1063
385
356
1230
236
1187
543
235
1216
83
1346
621
857
140
406
726
832
774
365
1192
1339
785
579
136
999
767
930
922
1252
80
439
938
224
1162
443
845
768
376
172
715
590
661
1357
1266
1213
369
1103
929
837
1011
272
1014
775
68
859
1387
615
962
1115
1278
1342
226
1374
462
288
239
81
233
1098
1134
1259
70
580
1106
1040
836
90
1188
1177
1155
203
524
1200
1270
370
797
344
1067
491
915
1389
676
961
1217
887
1297
695
682
354
554
1232
1073
1165
29
1113
777
107
8
1205
1105
469
298
1046
657
212
933
1286
1017
1281
171
477
449
941
970
1315
843
536
1153
840
399
1024
305
1127
816
950
1052
520
204
1306
165
846
317
1039
450
360
967
1373
575
198
1291
944
735
1034
630
712
1300
1133
69
1239
405
935
447
883
1186
60
598
1254
957
422
14
853
855
368
714
1194
796
1078
310
1396
550
111
868
358
923
438
229
256
117
1234
984
1363
475
345
1156
1097
177
1344
1378
49
595
1309
180
191
144
588
217
1056
1242
1013
753
1293
415
20
1071
814
1307
964
940
411
697
314
1020
141
227
825
663
786
1128
175
865
954
27
577
374
571
794
749
1203
1276
557
200
299
1341
1367
1095
425
742
153
30
1330
419
737
132
432
544
829
946
896
892
654
255
628
1241
1208
1121
442
784
566
909
160
26
1138
756
1
93
277
223
85
97
1393
692
189
55
1084
629
169
414
159
974
904
182
789
163
1022
844
95
795
64
652
748
645
942
207
939
1137
1289
128
734
603
800
2
184
1065
698
585
474
1048
